101202307001435892000853008017000000000000000002
101202307003262969800276010017000000000000000005
101202307001437442200081009017000000000000000006
101202307002943055400539710023600000000000000001
101202307002921190600216611013000000000000000000
101202307002602986500209203013000000000000000000
101202307002888354300316606017000000000000000008
101202307002853150600263502013000000000000000006
101202307002814746200362707013000000000000000007
101202307002521225200259902013000000000000000007
101202307002584315000259205013000000000000000003
101202307002347389800254710013000000000000000007
101202307002765213500254209017000000000000000006
101202307002351808000221611013000000000000000004
101202307002393077700274702013000000000000000003
101202307001435295700026911017000000000000000008
101202307002498102700231302013000000000000000006
101202307003044225700365807013000000000000000009
101202307003913856600362304013000000000000000005
101202307001498482600023408013000000000000000007
101202307003026881100553709013000000000000000002
101202307001435261600857911013000000000000000003
101202307002280584800876503013000000000000000009
101202307002575365300263404013000000000000000002
101202307003050380900340710023600000000000000005
101202307001818773500857105017000000000000000007
101202307002953215300327011017000000000000000004
101202307003313985700274909013000000000000000004
101202307004246715900361906013000000000000000002
101202307001885019300258001013000000000000000006
